      AEWM1 = 132.507
      MDL_GF = 1.16639D-05
      AS = 0.118
      MDL_YMB = 4.7
      MDL_YMT = 173.0
      MDL_YMTAU = 1.777
      MDL_MZ = 91.188
      MDL_MT = 173.0
      MDL_MB = 4.7
      MDL_MH = 125.0
      MDL_MTA = 1.777
      MDL_WZ = 2.441404
      MDL_WW = 2.0476
      MDL_WT = 1.4915
      MDL_WH = 0.006382339
